[240, 144, 144, 128] ---> [240, 144, 144, 168]
[240, 144, 144, 129] ---> [240, 144, 144, 169]
[240, 144, 144, 130] ---> [240, 144, 144, 170]
[240, 144, 144, 131] ---> [240, 144, 144, 171]
[240, 144, 144, 132] ---> [240, 144, 144, 172]
[240, 144, 144, 133] ---> [240, 144, 144, 173]
[240, 144, 144, 134] ---> [240, 144, 144, 174]
[240, 144, 144, 135] ---> [240, 144, 144, 175]
[240, 144, 144, 136] ---> [240, 144, 144, 176]
[240, 144, 144, 137] ---> [240, 144, 144, 177]
[240, 144, 144, 138] ---> [240, 144, 144, 178]
[240, 144, 144, 139] ---> [240, 144, 144, 179]
[240, 144, 144, 140] ---> [240, 144, 144, 180]
[240, 144, 144, 141] ---> [240, 144, 144, 181]
[240, 144, 144, 142] ---> [240, 144, 144, 182]
[240, 144, 144, 143] ---> [240, 144, 144, 183]
[240, 144, 144, 144] ---> [240, 144, 144, 184]
[240, 144, 144, 145] ---> [240, 144, 144, 185]
[240, 144, 144, 146] ---> [240, 144, 144, 186]
[240, 144, 144, 147] ---> [240, 144, 144, 187]
[240, 144, 144, 148] ---> [240, 144, 144, 188]
[240, 144, 144, 149] ---> [240, 144, 144, 189]
[240, 144, 144, 150] ---> [240, 144, 144, 190]
[240, 144, 144, 151] ---> [240, 144, 144, 191]
[240, 144, 144, 152] ---> [240, 144, 145, 128]
[240, 144, 144, 153] ---> [240, 144, 145, 129]
[240, 144, 144, 154] ---> [240, 144, 145, 130]
[240, 144, 144, 155] ---> [240, 144, 145, 131]
[240, 144, 144, 156] ---> [240, 144, 145, 132]
[240, 144, 144, 157] ---> [240, 144, 145, 133]
[240, 144, 144, 158] ---> [240, 144, 145, 134]
[240, 144, 144, 159] ---> [240, 144, 145, 135]
[240, 144, 144, 160] ---> [240, 144, 145, 136]
[240, 144, 144, 161] ---> [240, 144, 145, 137]
[240, 144, 144, 162] ---> [240, 144, 145, 138]
[240, 144, 144, 163] ---> [240, 144, 145, 139]
[240, 144, 144, 164] ---> [240, 144, 145, 140]
[240, 144, 144, 165] ---> [240, 144, 145, 141]
[240, 157, 144, 128] ---> [97]
[240, 157, 144, 129] ---> [98]
[240, 157, 144, 130] ---> [99]
[240, 157, 144, 131] ---> [100]
[240, 157, 144, 132] ---> [101]
[240, 157, 144, 133] ---> [102]
[240, 157, 144, 134] ---> [103]
[240, 157, 144, 135] ---> [104]
[240, 157, 144, 136] ---> [105]
[240, 157, 144, 137] ---> [106]
[240, 157, 144, 138] ---> [107]
[240, 157, 144, 139] ---> [108]
[240, 157, 144, 140] ---> [109]
[240, 157, 144, 141] ---> [110]
[240, 157, 144, 142] ---> [111]
[240, 157, 144, 143] ---> [112]
[240, 157, 144, 144] ---> [113]
[240, 157, 144, 145] ---> [114]
[240, 157, 144, 146] ---> [115]
[240, 157, 144, 147] ---> [116]
[240, 157, 144, 148] ---> [117]
[240, 157, 144, 149] ---> [118]
[240, 157, 144, 150] ---> [119]
[240, 157, 144, 151] ---> [120]
[240, 157, 144, 152] ---> [121]
[240, 157, 144, 153] ---> [122]
[240, 157, 144, 180] ---> [97]
[240, 157, 144, 181] ---> [98]
[240, 157, 144, 182] ---> [99]
[240, 157, 144, 183] ---> [100]
[240, 157, 144, 184] ---> [101]
[240, 157, 144, 185] ---> [102]
[240, 157, 144, 186] ---> [103]
[240, 157, 144, 187] ---> [104]
[240, 157, 144, 188] ---> [105]
[240, 157, 144, 189] ---> [106]
[240, 157, 144, 190] ---> [107]
[240, 157, 144, 191] ---> [108]
[240, 157, 145, 128] ---> [109]
[240, 157, 145, 129] ---> [110]
[240, 157, 145, 130] ---> [111]
[240, 157, 145, 131] ---> [112]
[240, 157, 145, 132] ---> [113]
[240, 157, 145, 133] ---> [114]
[240, 157, 145, 134] ---> [115]
[240, 157, 145, 135] ---> [116]
[240, 157, 145, 136] ---> [117]
[240, 157, 145, 137] ---> [118]
[240, 157, 145, 138] ---> [119]
[240, 157, 145, 139] ---> [120]
[240, 157, 145, 140] ---> [121]
[240, 157, 145, 141] ---> [122]
[240, 157, 145, 168] ---> [97]
[240, 157, 145, 169] ---> [98]
[240, 157, 145, 170] ---> [99]
[240, 157, 145, 171] ---> [100]
[240, 157, 145, 172] ---> [101]
[240, 157, 145, 173] ---> [102]
[240, 157, 145, 174] ---> [103]
[240, 157, 145, 175] ---> [104]
[240, 157, 145, 176] ---> [105]
[240, 157, 145, 177] ---> [106]
[240, 157, 145, 178] ---> [107]
[240, 157, 145, 179] ---> [108]
[240, 157, 145, 180] ---> [109]
[240, 157, 145, 181] ---> [110]
[240, 157, 145, 182] ---> [111]
[240, 157, 145, 183] ---> [112]
[240, 157, 145, 184] ---> [113]
[240, 157, 145, 185] ---> [114]
[240, 157, 145, 186] ---> [115]
[240, 157, 145, 187] ---> [116]
[240, 157, 145, 188] ---> [117]
[240, 157, 145, 189] ---> [118]
[240, 157, 145, 190] ---> [119]
[240, 157, 145, 191] ---> [120]
[240, 157, 146, 128] ---> [121]
[240, 157, 146, 129] ---> [122]
[240, 157, 146, 156] ---> [97]
[240, 157, 146, 158] ---> [99]
[240, 157, 146, 159] ---> [100]
[240, 157, 146, 162] ---> [103]
[240, 157, 146, 165] ---> [106]
[240, 157, 146, 166] ---> [107]
[240, 157, 146, 169] ---> [110]
[240, 157, 146, 170] ---> [111]
[240, 157, 146, 171] ---> [112]
[240, 157, 146, 172] ---> [113]
[240, 157, 146, 174] ---> [115]
[240, 157, 146, 175] ---> [116]
[240, 157, 146, 176] ---> [117]
[240, 157, 146, 177] ---> [118]
[240, 157, 146, 178] ---> [119]
[240, 157, 146, 179] ---> [120]
[240, 157, 146, 180] ---> [121]
[240, 157, 146, 181] ---> [122]
[240, 157, 147, 144] ---> [97]
[240, 157, 147, 145] ---> [98]
[240, 157, 147, 146] ---> [99]
[240, 157, 147, 147] ---> [100]
[240, 157, 147, 148] ---> [101]
[240, 157, 147, 149] ---> [102]
[240, 157, 147, 150] ---> [103]
[240, 157, 147, 151] ---> [104]
[240, 157, 147, 152] ---> [105]
[240, 157, 147, 153] ---> [106]
[240, 157, 147, 154] ---> [107]
[240, 157, 147, 155] ---> [108]
[240, 157, 147, 156] ---> [109]
[240, 157, 147, 157] ---> [110]
[240, 157, 147, 158] ---> [111]
[240, 157, 147, 159] ---> [112]
[240, 157, 147, 160] ---> [113]
[240, 157, 147, 161] ---> [114]
[240, 157, 147, 162] ---> [115]
[240, 157, 147, 163] ---> [116]
[240, 157, 147, 164] ---> [117]
[240, 157, 147, 165] ---> [118]
[240, 157, 147, 166] ---> [119]
[240, 157, 147, 167] ---> [120]
[240, 157, 147, 168] ---> [121]
[240, 157, 147, 169] ---> [122]
[240, 157, 148, 132] ---> [97]
[240, 157, 148, 133] ---> [98]
[240, 157, 148, 135] ---> [100]
[240, 157, 148, 136] ---> [101]
[240, 157, 148, 137] ---> [102]
[240, 157, 148, 138] ---> [103]
[240, 157, 148, 141] ---> [106]
[240, 157, 148, 142] ---> [107]
[240, 157, 148, 143] ---> [108]
[240, 157, 148, 144] ---> [109]
[240, 157, 148, 145] ---> [110]
[240, 157, 148, 146] ---> [111]
[240, 157, 148, 147] ---> [112]
[240, 157, 148, 148] ---> [113]
[240, 157, 148, 150] ---> [115]
[240, 157, 148, 151] ---> [116]
[240, 157, 148, 152] ---> [117]
[240, 157, 148, 153] ---> [118]
[240, 157, 148, 154] ---> [119]
[240, 157, 148, 155] ---> [120]
[240, 157, 148, 156] ---> [121]
[240, 157, 148, 184] ---> [97]
[240, 157, 148, 185] ---> [98]
[240, 157, 148, 187] ---> [100]
[240, 157, 148, 188] ---> [101]
[240, 157, 148, 189] ---> [102]
[240, 157, 148, 190] ---> [103]
[240, 157, 149, 128] ---> [105]
[240, 157, 149, 129] ---> [106]
[240, 157, 149, 130] ---> [107]
[240, 157, 149, 131] ---> [108]
[240, 157, 149, 132] ---> [109]
[240, 157, 149, 134] ---> [111]
[240, 157, 149, 138] ---> [115]
[240, 157, 149, 139] ---> [116]
[240, 157, 149, 140] ---> [117]
[240, 157, 149, 141] ---> [118]
[240, 157, 149, 142] ---> [119]
[240, 157, 149, 143] ---> [120]
[240, 157, 149, 144] ---> [121]
[240, 157, 149, 172] ---> [97]
[240, 157, 149, 173] ---> [98]
[240, 157, 149, 174] ---> [99]
[240, 157, 149, 175] ---> [100]
[240, 157, 149, 176] ---> [101]
[240, 157, 149, 177] ---> [102]
[240, 157, 149, 178] ---> [103]
[240, 157, 149, 179] ---> [104]
[240, 157, 149, 180] ---> [105]
[240, 157, 149, 181] ---> [106]
[240, 157, 149, 182] ---> [107]
[240, 157, 149, 183] ---> [108]
[240, 157, 149, 184] ---> [109]
[240, 157, 149, 185] ---> [110]
[240, 157, 149, 186] ---> [111]
[240, 157, 149, 187] ---> [112]
[240, 157, 149, 188] ---> [113]
[240, 157, 149, 189] ---> [114]
[240, 157, 149, 190] ---> [115]
[240, 157, 149, 191] ---> [116]
[240, 157, 150, 128] ---> [117]
[240, 157, 150, 129] ---> [118]
[240, 157, 150, 130] ---> [119]
[240, 157, 150, 131] ---> [120]
[240, 157, 150, 132] ---> [121]
[240, 157, 150, 133] ---> [122]
[240, 157, 150, 160] ---> [97]
[240, 157, 150, 161] ---> [98]
[240, 157, 150, 162] ---> [99]
[240, 157, 150, 163] ---> [100]
[240, 157, 150, 164] ---> [101]
[240, 157, 150, 165] ---> [102]
[240, 157, 150, 166] ---> [103]
[240, 157, 150, 167] ---> [104]
[240, 157, 150, 168] ---> [105]
[240, 157, 150, 169] ---> [106]
[240, 157, 150, 170] ---> [107]
[240, 157, 150, 171] ---> [108]
[240, 157, 150, 172] ---> [109]
[240, 157, 150, 173] ---> [110]
[240, 157, 150, 174] ---> [111]
[240, 157, 150, 175] ---> [112]
[240, 157, 150, 176] ---> [113]
[240, 157, 150, 177] ---> [114]
[240, 157, 150, 178] ---> [115]
[240, 157, 150, 179] ---> [116]
[240, 157, 150, 180] ---> [117]
[240, 157, 150, 181] ---> [118]
[240, 157, 150, 182] ---> [119]
[240, 157, 150, 183] ---> [120]
[240, 157, 150, 184] ---> [121]
[240, 157, 150, 185] ---> [122]
[240, 157, 151, 148] ---> [97]
[240, 157, 151, 149] ---> [98]
[240, 157, 151, 150] ---> [99]
[240, 157, 151, 151] ---> [100]
[240, 157, 151, 152] ---> [101]
[240, 157, 151, 153] ---> [102]
[240, 157, 151, 154] ---> [103]
[240, 157, 151, 155] ---> [104]
[240, 157, 151, 156] ---> [105]
[240, 157, 151, 157] ---> [106]
[240, 157, 151, 158] ---> [107]
[240, 157, 151, 159] ---> [108]
[240, 157, 151, 160] ---> [109]
[240, 157, 151, 161] ---> [110]
[240, 157, 151, 162] ---> [111]
[240, 157, 151, 163] ---> [112]
[240, 157, 151, 164] ---> [113]
[240, 157, 151, 165] ---> [114]
[240, 157, 151, 166] ---> [115]
[240, 157, 151, 167] ---> [116]
[240, 157, 151, 168] ---> [117]
[240, 157, 151, 169] ---> [118]
[240, 157, 151, 170] ---> [119]
[240, 157, 151, 171] ---> [120]
[240, 157, 151, 172] ---> [121]
[240, 157, 151, 173] ---> [122]
[240, 157, 152, 136] ---> [97]
[240, 157, 152, 137] ---> [98]
[240, 157, 152, 138] ---> [99]
[240, 157, 152, 139] ---> [100]
[240, 157, 152, 140] ---> [101]
[240, 157, 152, 141] ---> [102]
[240, 157, 152, 142] ---> [103]
[240, 157, 152, 143] ---> [104]
[240, 157, 152, 144] ---> [105]
[240, 157, 152, 145] ---> [106]
[240, 157, 152, 146] ---> [107]
[240, 157, 152, 147] ---> [108]
[240, 157, 152, 148] ---> [109]
[240, 157, 152, 149] ---> [110]
[240, 157, 152, 150] ---> [111]
[240, 157, 152, 151] ---> [112]
[240, 157, 152, 152] ---> [113]
[240, 157, 152, 153] ---> [114]
[240, 157, 152, 154] ---> [115]
[240, 157, 152, 155] ---> [116]
[240, 157, 152, 156] ---> [117]
[240, 157, 152, 157] ---> [118]
[240, 157, 152, 158] ---> [119]
[240, 157, 152, 159] ---> [120]
[240, 157, 152, 160] ---> [121]
[240, 157, 152, 161] ---> [122]
[240, 157, 152, 188] ---> [97]
[240, 157, 152, 189] ---> [98]
[240, 157, 152, 190] ---> [99]
[240, 157, 152, 191] ---> [100]
[240, 157, 153, 128] ---> [101]
[240, 157, 153, 129] ---> [102]
[240, 157, 153, 130] ---> [103]
[240, 157, 153, 131] ---> [104]
[240, 157, 153, 132] ---> [105]
[240, 157, 153, 133] ---> [106]
[240, 157, 153, 134] ---> [107]
[240, 157, 153, 135] ---> [108]
[240, 157, 153, 136] ---> [109]
[240, 157, 153, 137] ---> [110]
[240, 157, 153, 138] ---> [111]
[240, 157, 153, 139] ---> [112]
[240, 157, 153, 140] ---> [113]
[240, 157, 153, 141] ---> [114]
[240, 157, 153, 142] ---> [115]
[240, 157, 153, 143] ---> [116]
[240, 157, 153, 144] ---> [117]
[240, 157, 153, 145] ---> [118]
[240, 157, 153, 146] ---> [119]
[240, 157, 153, 147] ---> [120]
[240, 157, 153, 148] ---> [121]
[240, 157, 153, 149] ---> [122]
[240, 157, 153, 176] ---> [97]
[240, 157, 153, 177] ---> [98]
[240, 157, 153, 178] ---> [99]
[240, 157, 153, 179] ---> [100]
[240, 157, 153, 180] ---> [101]
[240, 157, 153, 181] ---> [102]
[240, 157, 153, 182] ---> [103]
[240, 157, 153, 183] ---> [104]
[240, 157, 153, 184] ---> [105]
[240, 157, 153, 185] ---> [106]
[240, 157, 153, 186] ---> [107]
[240, 157, 153, 187] ---> [108]
[240, 157, 153, 188] ---> [109]
[240, 157, 153, 189] ---> [110]
[240, 157, 153, 190] ---> [111]
[240, 157, 153, 191] ---> [112]
[240, 157, 154, 128] ---> [113]
[240, 157, 154, 129] ---> [114]
[240, 157, 154, 130] ---> [115]
[240, 157, 154, 131] ---> [116]
[240, 157, 154, 132] ---> [117]
[240, 157, 154, 133] ---> [118]
[240, 157, 154, 134] ---> [119]
[240, 157, 154, 135] ---> [120]
[240, 157, 154, 136] ---> [121]
[240, 157, 154, 137] ---> [122]
[240, 157, 154, 168] ---> [206, 177]
[240, 157, 154, 169] ---> [206, 178]
[240, 157, 154, 170] ---> [206, 179]
[240, 157, 154, 171] ---> [206, 180]
[240, 157, 154, 172] ---> [206, 181]
[240, 157, 154, 173] ---> [206, 182]
[240, 157, 154, 174] ---> [206, 183]
[240, 157, 154, 175] ---> [206, 184]
[240, 157, 154, 176] ---> [206, 185]
[240, 157, 154, 177] ---> [206, 186]
[240, 157, 154, 178] ---> [206, 187]
[240, 157, 154, 179] ---> [206, 188]
[240, 157, 154, 180] ---> [206, 189]
[240, 157, 154, 181] ---> [206, 190]
[240, 157, 154, 182] ---> [206, 191]
[240, 157, 154, 183] ---> [207, 128]
[240, 157, 154, 184] ---> [207, 129]
[240, 157, 154, 185] ---> [206, 184]
[240, 157, 154, 186] ---> [207, 131]
[240, 157, 154, 187] ---> [207, 132]
[240, 157, 154, 188] ---> [207, 133]
[240, 157, 154, 189] ---> [207, 134]
[240, 157, 154, 190] ---> [207, 135]
[240, 157, 154, 191] ---> [207, 136]
[240, 157, 155, 128] ---> [207, 137]
[240, 157, 155, 147] ---> [207, 131]
[240, 157, 155, 162] ---> [206, 177]
[240, 157, 155, 163] ---> [206, 178]
[240, 157, 155, 164] ---> [206, 179]
[240, 157, 155, 165] ---> [206, 180]
[240, 157, 155, 166] ---> [206, 181]
[240, 157, 155, 167] ---> [206, 182]
[240, 157, 155, 168] ---> [206, 183]
[240, 157, 155, 169] ---> [206, 184]
[240, 157, 155, 170] ---> [206, 185]
[240, 157, 155, 171] ---> [206, 186]
[240, 157, 155, 172] ---> [206, 187]
[240, 157, 155, 173] ---> [206, 188]
[240, 157, 155, 174] ---> [206, 189]
[240, 157, 155, 175] ---> [206, 190]
[240, 157, 155, 176] ---> [206, 191]
[240, 157, 155, 177] ---> [207, 128]
[240, 157, 155, 178] ---> [207, 129]
[240, 157, 155, 179] ---> [206, 184]
[240, 157, 155, 180] ---> [207, 131]
[240, 157, 155, 181] ---> [207, 132]
[240, 157, 155, 182] ---> [207, 133]
[240, 157, 155, 183] ---> [207, 134]
[240, 157, 155, 184] ---> [207, 135]
[240, 157, 155, 185] ---> [207, 136]
[240, 157, 155, 186] ---> [207, 137]
[240, 157, 156, 141] ---> [207, 131]
[240, 157, 156, 156] ---> [206, 177]
[240, 157, 156, 157] ---> [206, 178]
[240, 157, 156, 158] ---> [206, 179]
[240, 157, 156, 159] ---> [206, 180]
[240, 157, 156, 160] ---> [206, 181]
[240, 157, 156, 161] ---> [206, 182]
[240, 157, 156, 162] ---> [206, 183]
[240, 157, 156, 163] ---> [206, 184]
[240, 157, 156, 164] ---> [206, 185]
[240, 157, 156, 165] ---> [206, 186]
[240, 157, 156, 166] ---> [206, 187]
[240, 157, 156, 167] ---> [206, 188]
[240, 157, 156, 168] ---> [206, 189]
[240, 157, 156, 169] ---> [206, 190]
[240, 157, 156, 170] ---> [206, 191]
[240, 157, 156, 171] ---> [207, 128]
[240, 157, 156, 172] ---> [207, 129]
[240, 157, 156, 173] ---> [206, 184]
[240, 157, 156, 174] ---> [207, 131]
[240, 157, 156, 175] ---> [207, 132]
[240, 157, 156, 176] ---> [207, 133]
[240, 157, 156, 177] ---> [207, 134]
[240, 157, 156, 178] ---> [207, 135]
[240, 157, 156, 179] ---> [207, 136]
[240, 157, 156, 180] ---> [207, 137]
[240, 157, 157, 135] ---> [207, 131]
[240, 157, 157, 150] ---> [206, 177]
[240, 157, 157, 151] ---> [206, 178]
[240, 157, 157, 152] ---> [206, 179]
[240, 157, 157, 153] ---> [206, 180]
[240, 157, 157, 154] ---> [206, 181]
[240, 157, 157, 155] ---> [206, 182]
[240, 157, 157, 156] ---> [206, 183]
[240, 157, 157, 157] ---> [206, 184]
[240, 157, 157, 158] ---> [206, 185]
[240, 157, 157, 159] ---> [206, 186]
[240, 157, 157, 160] ---> [206, 187]
[240, 157, 157, 161] ---> [206, 188]
[240, 157, 157, 162] ---> [206, 189]
[240, 157, 157, 163] ---> [206, 190]
[240, 157, 157, 164] ---> [206, 191]
[240, 157, 157, 165] ---> [207, 128]
[240, 157, 157, 166] ---> [207, 129]
[240, 157, 157, 167] ---> [206, 184]
[240, 157, 157, 168] ---> [207, 131]
[240, 157, 157, 169] ---> [207, 132]
[240, 157, 157, 170] ---> [207, 133]
[240, 157, 157, 171] ---> [207, 134]
[240, 157, 157, 172] ---> [207, 135]
[240, 157, 157, 173] ---> [207, 136]
[240, 157, 157, 174] ---> [207, 137]
[240, 157, 158, 129] ---> [207, 131]
[240, 157, 158, 144] ---> [206, 177]
[240, 157, 158, 145] ---> [206, 178]
[240, 157, 158, 146] ---> [206, 179]
[240, 157, 158, 147] ---> [206, 180]
[240, 157, 158, 148] ---> [206, 181]
[240, 157, 158, 149] ---> [206, 182]
[240, 157, 158, 150] ---> [206, 183]
[240, 157, 158, 151] ---> [206, 184]
[240, 157, 158, 152] ---> [206, 185]
[240, 157, 158, 153] ---> [206, 186]
[240, 157, 158, 154] ---> [206, 187]
[240, 157, 158, 155] ---> [206, 188]
[240, 157, 158, 156] ---> [206, 189]
[240, 157, 158, 157] ---> [206, 190]
[240, 157, 158, 158] ---> [206, 191]
[240, 157, 158, 159] ---> [207, 128]
[240, 157, 158, 160] ---> [207, 129]
[240, 157, 158, 161] ---> [206, 184]
[240, 157, 158, 162] ---> [207, 131]
[240, 157, 158, 163] ---> [207, 132]
[240, 157, 158, 164] ---> [207, 133]
[240, 157, 158, 165] ---> [207, 134]
[240, 157, 158, 166] ---> [207, 135]
[240, 157, 158, 167] ---> [207, 136]
[240, 157, 158, 168] ---> [207, 137]
[240, 157, 158, 187] ---> [207, 131]
